 # t, barycenter
  0.100000001      -3.28026786E-02   4.87584583E-02   9.53909289E-03
  0.200000003      -3.76785174E-02   4.54781912E-02   9.53909289E-03
  0.300000012      -4.25543748E-02   4.21979204E-02   9.53909289E-03
  0.400000006      -4.71021906E-02   3.84300686E-02  0.105223350    
  0.500000000      -5.13219796E-02   3.41746323E-02  0.200919196    
  0.600000024      -5.51649816E-02   2.94644181E-02  0.295918286    
  0.699999988      -5.85824586E-02   2.43322141E-02  0.392118007    
  0.800000012      -6.15288913E-02   1.88157186E-02  0.466220737    
  0.900000036      -6.39621243E-02   1.29574742E-02  0.561705291    
   1.00000000      -6.58436939E-02   6.80458406E-03  0.653283358    
   1.10000002      -6.71394169E-02   4.08371998E-04  0.733676016    
   1.20000005      -6.78198859E-02  -6.17599254E-03  0.821513236    
   1.30000007      -6.78607225E-02  -1.28899338E-02  0.918381810    
   1.39999998      -6.72431290E-02  -1.96719319E-02  0.998936772    
   1.50000000      -6.59541413E-02  -2.64580101E-02   1.09001505    
   1.60000002      -6.39869422E-02  -3.31823193E-02   1.17852008    
   1.70000005      -6.13411367E-02  -3.97777259E-02   1.26217616    
   1.80000007      -5.80229089E-02  -4.61764224E-02   1.34027088    
   1.89999998      -5.40451445E-02  -5.23105487E-02   1.42392194    
   2.00000000      -4.94275093E-02  -5.81128225E-02   1.51227641    
   2.10000014      -4.41964529E-02  -6.35173470E-02   1.59530950    
   2.20000005      -3.83851677E-02  -6.84601068E-02   1.67866898    
   2.29999995      -3.20334323E-02  -7.28797391E-02   1.76183808    
   2.40000010      -2.51874179E-02  -7.67182708E-02   1.84441221    
   2.50000000      -1.78994462E-02  -7.99216181E-02   1.92489767    
   2.60000014      -1.02276234E-02  -8.24403390E-02   2.00558257    
   2.70000005      -2.23546382E-03  -8.42302740E-02   2.08552837    
   2.79999995       6.00857427E-03  -8.52530450E-02   2.16451192    
   2.90000010       1.44316005E-02  -8.54766145E-02   2.24236393    
   3.00000000       2.29569077E-02  -8.48757476E-02   2.31975555    
   3.10000014       3.15045640E-02  -8.34325999E-02   2.39615154    
   3.20000005       3.99921387E-02  -8.11368972E-02   2.47223330    
   3.29999995       4.83353995E-02  -7.79864490E-02   2.54754925    
   3.40000010       5.64490892E-02  -7.39872232E-02   2.62191010    
   3.50000000       6.42477125E-02  -6.91536814E-02   2.69527769    
   3.60000014       7.16464520E-02  -6.35087714E-02   2.76809835    
   3.70000005       7.85618275E-02  -5.70839979E-02   2.84064579    
   3.79999995       8.49127099E-02  -4.99193631E-02   2.91231537    
   3.90000010       9.06211063E-02  -4.20631841E-02   2.98256922    
   4.00000000       9.56130326E-02  -3.35719027E-02   3.05270743    
   4.09999990       9.98193324E-02  -2.45097950E-02   3.12165976    
   4.20000029      0.103176557      -1.49484919E-02   3.18979025    
   4.30000019      0.105627544      -4.96655842E-03   3.25854731    
   4.40000010      0.107122377       5.35109453E-03   3.32602000    
   4.50000000      0.107619025       1.59138460E-02   3.39188957    
   4.59999990      0.107083924       2.66260821E-02   3.45815206    
   4.70000029      0.105492570       3.73879932E-02   3.52303982    
   4.80000019      0.102829941       4.80963513E-02   3.58681178    
   4.90000010       9.90911275E-02   5.86456396E-02   3.65176845    
   5.00000000       9.42815244E-02   6.89286068E-02   3.71452260    
   5.09999990       8.84169415E-02   7.88377374E-02   3.77628660    
   5.20000029       8.15240890E-02   8.82658958E-02   3.83875728    
   5.30000019       7.36403018E-02   9.71075818E-02   3.89969516    
   5.40000010       6.48137033E-02  0.105260007       3.95918345    
   5.50000000       5.51029593E-02  0.112624019       4.02021837    
   5.59999990       4.45769504E-02  0.119105384       4.07856417    
   5.70000029       3.33145484E-02  0.124615699       4.13650942    
   5.80000019       2.14040056E-02  0.129073411       4.19516373    
   5.90000010       8.94244853E-03  0.132404849       4.25242567    
   6.00000000      -3.96490470E-03  0.134545267       4.30798769    
   6.09999990      -1.72053836E-02  0.135439515       4.36539745    
   6.20000029      -3.06599066E-02  0.135042995       4.42030907    
   6.30000019      -4.42038327E-02  0.133322462       4.47480869    
   6.40000010      -5.77081479E-02  0.130256444       4.53003359    
   6.50000000      -7.10403994E-02  0.125836074       4.58386612    
   6.59999990      -8.40660483E-02  0.120065287       4.63594866    
   6.70000029      -9.66496766E-02  0.112961225       4.68982363    
   6.80000019     -0.108656175      0.104554631       4.74183607    
   6.90000010     -0.119952351       9.48896632E-02   4.79298592    
   7.00000000     -0.130407766       8.40240493E-02   4.84474897    
   7.09999990     -0.139896765       7.20287859E-02   4.89528322    
   7.20000029     -0.148299158       5.89880198E-02   4.94414091    
   7.30000019     -0.155502006       4.49983440E-02   4.99447250    
   7.40000010     -0.161400855       3.01684327E-02   5.04382658    
   7.50000000     -0.165900663       1.46182366E-02   5.09189415    
   7.59999990     -0.168917522      -1.52186153E-03   5.14056778    
   7.70000029     -0.170379356      -1.81119181E-02   5.18803835    
   7.80000019     -0.170227125      -3.50036696E-02   5.23378897    
   7.90000010     -0.168415964      -5.20416014E-02   5.28079891    
   8.00000000     -0.164915577      -6.90643191E-02   5.32758141    
   8.10000038     -0.159711435      -8.59059170E-02   5.37291908    
   8.19999981     -0.152805015     -0.102397464       5.41896343    
   8.30000019     -0.144214422     -0.118368626       5.46364069    
   8.40000057     -0.133974671     -0.133649126       5.50640059    
   8.50000000     -0.122137845     -0.148070589       5.55083370    
   8.60000038     -0.108772896     -0.161468029       5.59508371    
   8.69999981      -9.39658359E-02 -0.173681855       5.63794184    
   8.80000019      -7.78190345E-02 -0.184559122       5.68163395    
   8.90000057      -6.04508445E-02 -0.193955690       5.72366476    
   9.00000000      -4.19949442E-02 -0.201737598       5.76360130    
   9.10000038      -2.25993749E-02 -0.207782686       5.80559826    
   9.19999981      -2.42563151E-03 -0.211982191       5.84748030    
   9.30000019       1.83526501E-02 -0.214242131       5.88800621    
   9.40000057       3.95508856E-02 -0.214484736       5.92926264    
   9.50000000       6.09750785E-02 -0.212649435       5.96867990    
   9.60000038       8.24235529E-02 -0.208694339       6.00613976    
   9.69999981      0.103688516     -0.202596799       6.04567385    
   9.80000019      0.124557905     -0.194354519       6.08533955    
   9.90000057      0.144817576     -0.183985695       6.12351036    
   10.0000000      0.164253026     -0.171529844       6.16228533    
