 # t     Ep     Ec     Et     Barycenter
  0.100000001       479738.250       20.2136536       479758.469      -3.28026786E-02   4.87584583E-02   9.53909289E-03
  0.200000003       481457.094       20.2136536       481477.312      -3.76785174E-02   4.54781912E-02   9.53909289E-03
  0.300000012       486595.312       62458.7617       549054.062      -4.25543748E-02   4.21979204E-02   9.53909289E-03
  0.400000006       1891130.38       61727.1445       1952857.50      -4.71021906E-02   3.84300686E-02  0.105223350    
  0.500000000       3881832.25       150785.594       4032617.75      -5.13219796E-02   3.41746323E-02  0.200919196    
  0.600000024       837138.750       160640.297       997779.062      -5.51649816E-02   2.94644181E-02  0.295918286    
  0.699999988       2761749.50       105399.609       2867149.00      -5.85824586E-02   2.43322141E-02  0.392118007    
  0.800000012       5241974.00       155896.766       5397871.00      -6.15288913E-02   1.88157186E-02  0.466220737    
  0.900000036       2114096.50       162293.547       2276390.00      -6.39621243E-02   1.29574742E-02  0.561705291    
   1.00000000       1602257.00       148314.578       1750571.62      -6.58436939E-02   6.80458406E-03  0.653283358    
   1.10000002       4457999.50       140034.750       4598034.00      -6.71394169E-02   4.08371998E-04  0.733676016    
   1.20000005       2252417.75       161052.234       2413470.00      -6.78198859E-02  -6.17599254E-03  0.821513236    
   1.30000007       2245975.00       151448.406       2397423.50      -6.78607225E-02  -1.28899338E-02  0.918381810    
   1.39999998       4216940.50       151949.875       4368890.50      -6.72431290E-02  -1.96719319E-02  0.998936772    
   1.50000000       3158586.00       160192.141       3318778.25      -6.59541413E-02  -2.64580101E-02   1.09001505    
   1.60000002       2794620.75       156726.109       2951346.75      -6.39869422E-02  -3.31823193E-02   1.17852008    
   1.70000005       3573761.75       155042.688       3728804.50      -6.13411367E-02  -3.97777259E-02   1.26217616    
   1.80000007       3392759.00       158508.859       3551267.75      -5.80229089E-02  -4.61764224E-02   1.34027088    
   1.89999998       3236100.00       157804.109       3393904.00      -5.40451445E-02  -5.23105487E-02   1.42392194    
   2.00000000       3411807.50       157243.891       3569051.50      -4.94275093E-02  -5.81128225E-02   1.51227641    
   2.10000014       3366386.50       157588.922       3523975.50      -4.41964529E-02  -6.35173470E-02   1.59530950    
   2.20000005       3347381.50       157365.141       3504746.75      -3.83851677E-02  -6.84601068E-02   1.67866898    
   2.29999995       3393819.25       157199.188       3551018.50      -3.20334323E-02  -7.28797391E-02   1.76183808    
   2.40000010       3367892.00       157027.672       3524919.75      -2.51874179E-02  -7.67182708E-02   1.84441221    
   2.50000000       3366646.75       156819.953       3523466.75      -1.78994462E-02  -7.99216181E-02   1.92489767    
   2.60000014       3393494.50       156722.578       3550217.00      -1.02276234E-02  -8.24403390E-02   2.00558257    
   2.70000005       3372649.75       156469.391       3529119.25      -2.23546382E-03  -8.42302740E-02   2.08552837    
   2.79999995       3372039.00       156256.469       3528295.50       6.00857427E-03  -8.52530450E-02   2.16451192    
   2.90000010       3387021.75       156136.406       3543158.25       1.44316005E-02  -8.54766145E-02   2.24236393    
   3.00000000       3384005.75       155877.609       3539883.25       2.29569077E-02  -8.48757476E-02   2.31975555    
   3.10000014       3383215.50       155727.766       3538943.25       3.15045640E-02  -8.34325999E-02   2.39615154    
   3.20000005       3398334.00       155573.531       3553907.50       3.99921387E-02  -8.11368972E-02   2.47223330    
   3.29999995       3384830.50       155282.312       3540112.75       4.83353995E-02  -7.79864490E-02   2.54754925    
   3.40000010       3385889.50       155066.359       3540955.75       5.64490892E-02  -7.39872232E-02   2.62191010    
   3.50000000       3395588.00       154914.219       3550502.25       6.42477125E-02  -6.91536814E-02   2.69527769    
   3.60000014       3394882.25       154619.297       3549501.50       7.16464520E-02  -6.35087714E-02   2.76809835    
   3.70000005       3394656.25       154468.797       3549125.00       7.85618275E-02  -5.70839979E-02   2.84064579    
   3.79999995       3408261.25       154256.328       3562517.50       8.49127099E-02  -4.99193631E-02   2.91231537    
   3.90000010       3394856.50       153950.281       3548806.75       9.06211063E-02  -4.20631841E-02   2.98256922    
   4.00000000       3398794.25       153703.781       3552498.00       9.56130326E-02  -3.35719027E-02   3.05270743    
   4.09999990       3407018.25       153518.703       3560537.00       9.98193324E-02  -2.45097950E-02   3.12165976    
   4.20000029       3405499.25       153203.984       3558703.25      0.103176557      -1.49484919E-02   3.18979025    
   4.30000019       3406491.00       153027.047       3559518.00      0.105627544      -4.96655842E-03   3.25854731    
   4.40000010       3420176.00       152780.359       3572956.25      0.107122377       5.35109453E-03   3.32602000    
   4.50000000       3404705.75       152453.453       3557159.25      0.107619025       1.59138460E-02   3.39188957    
   4.59999990       3411298.75       152155.328       3563454.00      0.107083924       2.66260821E-02   3.45815206    
   4.70000029       3420943.50       151932.297       3572875.75      0.105492570       3.73879932E-02   3.52303982    
   4.80000019       3416693.25       151616.531       3568309.75      0.102829941       4.80963513E-02   3.58681178    
   4.90000010       3417644.25       151365.203       3569009.50       9.90911275E-02   5.86456396E-02   3.65176845    
   5.00000000       3433387.50       151106.812       3584494.25       9.42815244E-02   6.89286068E-02   3.71452260    
   5.09999990       3416438.75       150768.078       3567206.75       8.84169415E-02   7.88377374E-02   3.77628660    
   5.20000029       3424784.25       150414.516       3575198.75       8.15240890E-02   8.82658958E-02   3.83875728    
   5.30000019       3435961.50       150146.906       3586108.50       7.36403018E-02   9.71075818E-02   3.89969516    
   5.40000010       3429015.50       149827.859       3578843.25       6.48137033E-02  0.105260007       3.95918345    
   5.50000000       3429926.75       149511.031       3579437.75       5.51029593E-02  0.112624019       4.02021837    
   5.59999990       3447831.00       149235.812       3597066.75       4.45769504E-02  0.119105384       4.07856417    
   5.70000029       3429820.75       148876.016       3578696.75       3.33145484E-02  0.124615699       4.13650942    
   5.80000019       3439637.50       148473.203       3588110.75       2.14040056E-02  0.129073411       4.19516373    
   5.90000010       3451848.00       148164.141       3600012.25       8.94244853E-03  0.132404849       4.25242567    
   6.00000000       3442855.00       147832.750       3590687.75      -3.96490470E-03  0.134545267       4.30798769    
   6.09999990       3444420.75       147473.984       3591894.75      -1.72053836E-02  0.135439515       4.36539745    
   6.20000029       3463607.25       147163.172       3610770.50      -3.06599066E-02  0.135042995       4.42030907    
   6.30000019       3445349.25       146772.953       3592122.25      -4.42038327E-02  0.133322462       4.47480869    
   6.40000010       3456285.75       146308.734       3602594.50      -5.77081479E-02  0.130256444       4.53003359    
   6.50000000       3468671.75       145976.734       3614648.50      -7.10403994E-02  0.125836074       4.58386612    
   6.59999990       3458385.00       145599.547       3603984.50      -8.40660483E-02  0.120065287       4.63594866    
   6.70000029       3461647.75       145212.969       3606860.75      -9.66496766E-02  0.112961225       4.68982363    
   6.80000019       3481299.25       144855.844       3626155.00     -0.108656175      0.104554631       4.74183607    
   6.90000010       3462669.50       144419.969       3607089.50     -0.119952351       9.48896632E-02   4.79298592    
   7.00000000       3474929.75       143892.109       3618821.75     -0.130407766       8.40240493E-02   4.84474897    
   7.09999990       3487751.50       143540.984       3631292.50     -0.139896765       7.20287859E-02   4.89528322    
   7.20000029       3475688.50       143110.766       3618799.25     -0.148299158       5.89880198E-02   4.94414091    
   7.30000019       3481337.25       142695.125       3624032.50     -0.155502006       4.49983440E-02   4.99447250    
   7.40000010       3502556.50       142288.500       3644845.00     -0.161400855       3.01684327E-02   5.04382658    
   7.50000000       3482604.00       141831.141       3624435.25     -0.165900663       1.46182366E-02   5.09189415    
   7.59999990       3495347.25       141215.750       3636563.00     -0.168917522      -1.52186153E-03   5.14056778    
   7.70000029       3511023.50       140821.109       3651844.50     -0.170379356      -1.81119181E-02   5.18803835    
   7.80000019       3496386.75       140374.297       3636761.00     -0.170227125      -3.50036696E-02   5.23378897    
   7.90000010       3503275.50       139906.703       3643182.25     -0.168415964      -5.20416014E-02   5.28079891    
   8.00000000       3526927.75       139440.234       3666368.00     -0.164915577      -6.90643191E-02   5.32758141    
   8.10000038       3506123.75       138983.594       3645107.25     -0.159711435      -8.59059170E-02   5.37291908    
   8.19999981       3518532.50       138266.531       3656799.00     -0.152805015     -0.102397464       5.41896343    
   8.30000019       3537261.25       137800.703       3675062.00     -0.144214422     -0.118368626       5.46364069    
   8.40000057       3520702.50       137379.625       3658082.00     -0.133974671     -0.133649126       5.50640059    
   8.50000000       3528477.75       136815.906       3665293.75     -0.122137845     -0.148070589       5.55083370    
   8.60000038       3554856.75       136287.375       3691144.00     -0.108772896     -0.161468029       5.59508371    
   8.69999981       3533206.25       135843.547       3669049.75      -9.39658359E-02 -0.173681855       5.63794184    
   8.80000019       3545269.00       135011.688       3680280.75      -7.78190345E-02 -0.184559122       5.68163395    
   8.90000057       3567696.50       134462.844       3702159.25      -6.04508445E-02 -0.193955690       5.72366476    
   9.00000000       3549063.00       134072.656       3683135.75      -4.19949442E-02 -0.201737598       5.76360130    
   9.10000038       3557527.25       133407.453       3690934.75      -2.25993749E-02 -0.207782686       5.80559826    
   9.19999981       3586841.75       132803.109       3719644.75      -2.42563151E-03 -0.211982191       5.84748030    
   9.30000019       3564857.50       132362.266       3697219.75       1.83526501E-02 -0.214242131       5.88800621    
   9.40000057       3576261.75       131422.703       3707684.50       3.95508856E-02 -0.214484736       5.92926264    
   9.50000000       3602146.75       130798.148       3732945.00       6.09750785E-02 -0.212649435       5.96867990    
   9.60000038       3582373.50       130411.992       3712785.50       8.24235529E-02 -0.208694339       6.00613976    
   9.69999981       3591780.75       129647.023       3721427.75      0.103688516     -0.202596799       6.04567385    
   9.80000019       3623452.50       128960.516       3752413.00      0.124557905     -0.194354519       6.08533955    
   9.90000057       3601420.00       128515.984       3729936.00      0.144817576     -0.183985695       6.12351036    
   10.0000000       3612462.75       127464.273       3739927.00      0.164253026     -0.171529844       6.16228533    
