  0.495855331     -0.265218258      -3.87262106E-02
 -0.315512419     -0.564096570     -0.733679295    
  0.801048994     -0.226468086     -0.109035492    
  0.292817593     -0.354025483      0.711384773    
  0.196799040      0.345961452      -8.62354040E-02
  0.211386442      0.438095808      0.794669151    
  0.316458225     -0.698566437      0.224629760    
  0.101730704      0.318094969      0.108010173    
  0.457716942     -0.195089579      0.857255220    
 -0.704329729      0.349058509      0.539228559    
 -0.321354985     -0.768362403      0.228738308    
  -4.79221344E-03 -0.250396609     -0.156988382    
  0.412352681      0.627619267      0.117188931    
 -0.876588941      -3.92384529E-02  0.195379496    
 -0.724936247      0.174790382       3.99364233E-02
  0.771756649     -0.392379761      0.339314580    
  0.329880118       7.35378265E-03 -0.476849794    
 -0.771511316     -0.363074780      0.193639636    
 -0.113231540     -0.583264947      0.133996606    
 -0.951375246     -0.159418941     -0.204293966    
  0.356977582      0.163901567      0.467051744    
  0.493072748      0.686401725       5.76779842E-02
  0.330969214      0.461473107     -0.178791523    
 -0.288556814      0.470754027      -5.73647022E-02
  -7.47492313E-02  0.519383311      0.404918790    
 -0.397773981      0.343937039      0.237428069    
   9.30570364E-02  -6.89748526E-02 -0.646171927    
 -0.244011879     -0.649558783     -0.286283493    
  0.331352830      0.237098455      -6.21055365E-02
 -0.367496371     -0.462240219     -0.600157619    
 -0.169144154      0.958605766       8.64231586E-02
  0.418065667       5.79464436E-02  0.327681661    
  0.733335137      0.264736056     -0.514424562    
 -0.375319839      0.619295120      0.147436976    
 -0.338151813     -0.468293309       8.95621777E-02
 -0.790193319      0.228427529     -0.187418103    
 -0.356977582      0.429928422      0.459415436    
 -0.383161545      0.159481168     -0.533102274    
   7.53124952E-02  0.243140697      -1.83506012E-02
 -0.430315256     -0.528881669      0.302759767    
  0.214340568     -0.203708410      0.697589278    
  0.275233865     -0.482353330     -0.282338023    
 -0.233587384      0.441397429     -0.283472061    
  0.858945727      0.266641617     -0.408782125    
 -0.650520921      0.685157180      0.237179279    
  0.411785722     -0.515120149      0.595921993    
 -0.217972040     -0.780081511      0.507375836    
  0.505119562      0.295355678      0.742169499    
 -0.650389075      0.419083476     -0.396898627    
  0.376724005     -0.386758924      0.470380306    
  0.504336715     -0.208557963     -0.824429989    
 -0.376860142       4.55292463E-02   1.15928650E-02
 -0.122947931      0.175278544     -0.405349612    
  0.456325173      0.516180754     -0.381647587    
 -0.507003427     -0.486225486      0.236125469    
  0.108887911     -0.116832256     -0.501636386    
  -8.52476358E-02 -0.381238937      -3.81507874E-02
  0.379485250      0.621597648     -0.215671182    
 -0.413702607      0.151956081      0.450683594    
   6.91885948E-02  0.446650505     -0.543639421    
  0.226473927      0.327326536      0.791819930    
  0.507358670      0.259740949     -0.558024049    
  0.118375182     -0.258231997     -0.324810624    
  0.490850091      0.139469743      -8.77267122E-02
  0.296379328      0.367192149     -0.659219027    
 -0.453867793     -0.118475080      -8.45559835E-02
 -0.209486723      0.376668334     -0.402222633    
 -0.589545250     -0.615431547     -0.162000179    
  0.324927092      0.151350379      0.549901009    
 -0.801572442     -0.330968738      0.290187240    
 -0.736763716      0.615087271       8.37445259E-02
 -0.468494892      -8.22501183E-02   2.18499899E-02
   9.66846943E-03  0.923547745      0.100470304    
 -0.620742440     -0.597762227     -0.502524853    
  -6.09862804E-03 -0.202496886      0.226592660    
 -0.317929864      0.388881564      0.283766389    
 -0.829008818      0.415968418      0.184919238    
 -0.420387745       6.29315376E-02 -0.534348845    
 -0.374446869     -0.716957450     -0.314838290    
 -0.118152022      0.548882604      -8.75713825E-02
  0.729000926      0.455950141      0.274671674    
   6.36923313E-02 -0.979281664      -9.57288742E-02
  0.580895305      0.447127223      0.457911372    
 -0.109236240     -0.236441612      0.844449282    
  0.496846557     -0.146539927     -0.565145612    
  0.458827019      0.593829989      0.116846561    
  0.770833373     -0.233748555     -0.518406749    
 -0.369833589     -0.134190679     -0.904034853    
 -0.151840568      0.474654198      0.745571256    
   2.41640806E-02  0.552828193      -1.42799616E-02
 -0.590292811     -0.109738350     -0.132890821    
 -0.221973300     -0.502243519     -0.267305970    
 -0.167388678      0.616395950     -0.520123363    
  0.103892326      0.663303256     -0.245482683    
  0.735535383      0.249324441      0.104627252    
 -0.576779366      0.645439386     -0.272796154    
 -0.538955688     -0.341771364      0.360185266    
 -0.141909957      -9.53903198E-02  0.855216861    
 -0.107537627      0.334498286      0.561707377    
  0.581654191     -0.604519606     -0.487241268    
  0.353608847      0.797061801     -0.249971986    
 -0.250546098     -0.805431962      0.501446843    
  0.649019957      0.448889732     -0.265895367    
  0.244104028     -0.387354732     -0.397446156    
  0.352764130      0.660127997      0.112647414    
  0.118889809     -0.344392300      0.461408257    
 -0.683494091       6.57503605E-02  0.568388700    
 -0.568436384     -0.349373221       2.90048122E-03
 -0.554164290      -6.70028925E-02 -0.626402497    
  0.599837661      0.469896793     -0.169303894    
  0.223323464      0.175135136      0.924507499    
  0.778039336       3.82877588E-02 -0.265587687    
 -0.275076270     -0.603618383     -0.625544429    
  0.226568341     -0.274625897       6.47560358E-02
  0.400682688       9.94615555E-02  0.651142597    
   7.46786594E-02  0.324665427     -0.893661737    
 -0.657070279      0.237318516      0.517465353    
 -0.286595106      0.643722415      0.104111195    
  0.301605344     -0.624867201      0.636618376    
 -0.166758299      0.471561313     -0.609433770    
  0.278681517      0.259360790     -0.794261217    
 -0.150169492      0.409608603     -0.269200325    
 -0.599246979     -0.180817604     -0.521553397    
  0.690827608      -1.11320019E-02  0.420216680    
 -0.490704656      0.645447016     -0.436770678    
  0.249599099      0.491613746      0.747869134    
  0.312037587     -0.510650277     -0.351270199    
 -0.401373029      0.657404423      -8.12743902E-02
 -0.814453006      0.303462148     -0.209626794    
  0.239859939      0.650439858     -0.321847200    
 -0.383064151     -0.278157830     -0.176628590    
  -7.81046152E-02 -0.235174060      0.286233902    
 -0.516696215      0.431356072      0.713603616    
 -0.672118425      0.462608099       1.98366642E-02
 -0.819915891      -7.76164532E-02 -0.472323179    
  0.169679523      0.388490081     -0.778614521    
  0.742952824      0.114380240     -0.205626011    
  0.506790638      0.120441556      0.388846874    
 -0.637349844      0.615431190      0.105079293    
  -2.83218622E-02   7.34778643E-02 -0.909314156    
 -0.680942655      -6.20805025E-02 -0.673967838    
   9.77051258E-02 -0.389924169     -0.691167951    
  0.150041938     -0.711824656     -0.613406062    
  0.419988275     -0.240537286     -0.204038262    
 -0.311367512      -2.03329325E-02 -0.435566902    
 -0.522874236       9.92956161E-02  0.427744865    
  0.805653691      0.514749646       7.84518719E-02
  0.291842580      0.553899407      0.758030772    
  0.205477715     -0.876966119     -0.121758342    
  0.698872685     -0.157055974      0.495689869    
  0.433462024      -9.66686010E-02  0.269011855    
 -0.551611781     -0.203675747      0.660195231    
 -0.544187784       5.61734438E-02 -0.725100279    
  0.439479709      0.670767903      0.553666830    
   7.57670403E-02  0.222577333      0.388245821    
  0.201366186     -0.807302713       9.83930826E-02
 -0.414206982     -0.588287115      0.686130404    
  0.302993536      0.926166415      0.219911575    
 -0.569750190       4.60193157E-02  0.419453263    
   4.47777510E-02 -0.631088495      0.726177335    
  0.760800719     -0.512453198       8.78447294E-02
  0.521989346      0.363244414     -0.157379985    
  0.189459801     -0.107097864      0.888998151    
  0.550459504     -0.790837526      0.241427064    
  0.329768062      0.758586287      0.459267735    
  0.392551780       6.86955452E-02  0.497614980    
 -0.171775103      0.257318497     -0.902491212    
  0.326399803     -0.644334316      0.164199471    
  0.756597996      0.353969693     -0.527603865    
 -0.328914762     -0.860448718      -1.47659779E-02
  0.393314242      0.484589934     -0.756701231    
   8.29550028E-02  -9.85498428E-02  0.370320201    
  0.263361812     -0.688161016     -0.191629410    
 -0.629166484      0.370582700      0.225218415    
 -0.511096835     -0.710552454      0.435991287    
  -9.24537182E-02 -0.423239827      0.430132747    
 -0.128189921      0.223216295      0.123968005    
 -0.313654780      0.543179631      -3.72815132E-03
  -9.24150944E-02  0.391293168     -0.637063861    
 -0.117219329     -0.126481414     -0.882498741    
 -0.262295485     -0.138306260     -0.602689266    
 -0.520754457      0.286920190       9.77334976E-02
 -0.631299138     -0.146199822      0.255218506    
 -0.181046724     -0.593697190      0.654285550    
  0.355486989     -0.108621955     -0.655834794    
 -0.295958519     -0.341720700      0.493652344    
 -0.456979156      0.122583508     -0.735114217    
 -0.397213578     -0.497656941     -0.598270535    
 -0.478420496     -0.485789895      0.257234693    
  -5.20596504E-02  0.739789486      0.297215819    
  0.600907087     -0.344205260      0.158807397    
 -0.426763058      0.316911340      0.177930236    
 -0.491563559     -0.337068677      0.145731926    
  0.983170867      -2.06501484E-02  0.122273922    
  0.212828398     -0.828648210     -0.483653665    
  -5.91973066E-02  0.626649737      0.449241757    
  0.662388563     -0.174502492      0.324057698    
 -0.491921902      -3.39245796E-02  0.224804640    
  0.366012573     -0.198700547     -0.578396440    
  0.833689451       3.07925940E-02  0.437793255    
 -0.482015371       8.08185339E-02   6.86874390E-02
 -0.937915564     -0.155632377     -0.153377414    
  0.297211647     -0.681993484     -0.224577308    
  0.207769871       8.00682306E-02  0.412002683    
   4.62799072E-02  -4.90317345E-02 -0.932094455    
 -0.574564815      0.486474514     -0.380309463    
   1.52379274E-02  -8.97264481E-03   8.22949409E-03
  0.602176309      0.178228617      0.629985571    
  0.381988287      0.441748857      0.266866088    
 -0.654072642      -7.23315477E-02 -0.121838331    
  0.608208179     -0.142253876      0.524924994    
  -2.27607489E-02 -0.230803609     -0.836488724    
  -4.07090187E-02 -0.600939393     -0.291556597    
   8.57317448E-03 -0.238240242      0.786489725    
 -0.477506161      -1.12178326E-02  0.479287386    
  0.236053467      0.353705764      0.469314456    
  0.112930775     -0.325375676     -0.626717329    
 -0.234056830      0.332035303      0.828123808    
 -0.750626802       1.67918205E-02  -5.13031483E-02
 -0.687771797      -2.64742374E-02  0.613781810    
  0.403034210      -3.82974148E-02 -0.115625858    
  0.143780231     -0.830993056      0.137650013    
  -2.61104107E-02  -6.80297613E-02 -0.847047925    
  0.574553251     -0.352594256      0.438904524    
  0.454173088       3.66858244E-02 -0.370862365    
  0.819302917      0.563250661      -3.81901264E-02
  -8.68244171E-02 -0.604417324      0.305362701    
  0.606430888     -0.528778315      -2.85168886E-02
 -0.622960210     -0.695809364      0.207189679    
  0.338405132      0.851673722      0.248748422    
 -0.230606675      0.345555902      -1.24394894E-02
  0.589201331      0.128167152      -9.73069668E-03
  -3.71849537E-03 -0.497381210     -0.136784554    
 -0.558462381     -0.158845425      0.353452921    
  0.395908117      0.609971881      0.623500824    
 -0.231578588      0.273776174     -0.526093960    
 -0.561535358      0.798542976      0.197611094    
  0.146010876     -0.522720814      0.300611615    
  0.803832889      -5.95512390E-02  0.151989460    
  0.237379313      0.277325988      0.830360532    
  0.470756888      0.652986407      0.407167554    
  0.347726703     -0.846856713      -6.43206835E-02
  0.170098424     -0.228789210      0.626929641    
 -0.165046692     -0.332769871       7.11060762E-02
  0.139387488     -0.379163742      -6.10312223E-02
 -0.692284346      0.193976641     -0.225298524    
 -0.163951159      0.144798756       1.84552670E-02
  0.374570966      0.478782892       5.86152077E-02
  0.147344232      0.249816060     -0.638806224    
  0.247173429     -0.368720889      0.353621960    
   7.20763206E-03 -0.580622911     -0.505788803    
 -0.115959764      0.190983295      0.369876981    
  0.283509612      0.257585526     -0.501635671    
 -0.186330557      0.604499817     -0.581871510    
 -0.838259578      0.356909394       3.15785408E-04
 -0.333815217      0.181388259     -0.877107620    
 -0.910100818      0.163504720     -0.135211349    
 -0.312401175     -0.406083226       8.57578516E-02
 -0.271356106     -0.823159814     -0.114641309    
   2.63813734E-02 -0.832545161     -0.240177274    
  0.891506553      0.438406229       1.03518963E-02
 -0.614465356      0.356915236      -8.35385323E-02
 -0.177817345      0.168772340     -0.630197167    
  -6.04027510E-02 -0.891538382      -9.67731476E-02
  -1.65833235E-02  0.317594290     -0.433990836    
  0.260357976      0.456665993      0.750808954    
  0.138357162     -0.555708170     -0.238549352    
 -0.387716293      0.817726851     -0.372512221    
 -0.717112303     -0.217871428     -0.317028880    
  -3.32465172E-02 -0.625010371      0.291336060    
   7.55479336E-02  -1.77600384E-02 -0.214970589    
 -0.758801937      0.241634011     -0.138263822    
  0.217469454     -0.531081438     -0.632164001    
  0.335586309      0.142003894      0.511870384    
  0.759940147     -0.402182817      0.444644332    
 -0.365120173     -0.256735444      0.142052293    
  -4.62063551E-02 -0.717038751       2.52938271E-02
 -0.361200452       4.88413572E-02  0.422996998    
  0.276190639       2.21087933E-02  0.397470713    
 -0.528089523     -0.722044230     -0.143286943    
 -0.220788956     -0.822209239      0.394403458    
  0.493410587      0.262375474      0.293091536    
  0.181817293     -0.570584297      0.616630077    
  0.822221875      -4.05243635E-02 -0.131031632    
  0.497233510     -0.429020643     -0.546527743    
 -0.141123891      0.544436812      0.177943707    
 -0.257497191      0.669364572     -0.477277875    
 -0.737638354       2.55658627E-02 -0.238634944    
 -0.162243128      -3.69316339E-02 -0.599174023    
  0.813251853      0.423949003     -0.198081374    
  0.500607729     -0.538468480      0.159276366    
  -8.70828629E-02 -0.938247442      -1.48373842E-02
 -0.490362167      0.509601355     -0.480928540    
   5.40304184E-02  0.900644302     -0.322047949    
 -0.412707448     -0.693432570      0.407993078    
 -0.692295551      -8.68999958E-02  -2.19388008E-02
  0.481382251      -7.81779289E-02 -0.397808671    
  0.502707720      0.496018291     -0.666291118    
  0.205499411     -0.187830448      0.555532217    
   9.53174829E-02 -0.336352944      -2.69289017E-02
  0.209542513     -0.276653171     -0.364129543    
  -2.44547129E-02  0.456750751      0.312825322    
  0.471300244     -0.296703577      0.122661948    
  0.612817049     -0.515618086     -0.135741830    
  0.386317492      -9.75251198E-02  0.821086645    
  0.646669626       5.40057421E-02   1.85804367E-02
  0.305565000      0.615411878       7.44986534E-03
  0.494904876      0.672270656      0.335160136    
   8.48770142E-04  0.595252752     -0.603300214    
  0.504473329     -0.269027710      0.649508476    
  0.107775927      0.816088676     -0.403673649    
  0.208826661     -0.623394966     -0.513113618    
 -0.315887690     -0.337582827     -0.834764123    
 -0.480503440      0.807469964      0.138250232    
 -0.135742903      0.842950940     -0.414107919    
 -0.309215665      0.651316762       5.46121597E-03
 -0.202454567     -0.568855762      0.642459154    
  0.404325247     -0.249337196     -0.484857917    
  0.310265660     -0.252320409      0.761146069    
 -0.352376461     -0.799635053      0.473917127    
  0.520263672     -0.137510180      -1.34217739E-02
   3.40000391E-02 -0.198648810      0.179403543    
 -0.245068073     -0.157763481      0.252199411    
  -2.68684626E-02  0.577596426      0.243688226    
 -0.327978611      0.185030460     -0.158753157    
 -0.356952071     -0.206579566     -0.124699593    
 -0.775267005      0.613948464       6.05862141E-02
  0.481373549      0.170253992      0.510970592    
   3.50952148E-02 -0.611714721      0.690298080    
  0.810461164      0.358305216      0.296045899    
  0.687608123     -0.393031240     -0.381883502    
 -0.343446136      0.497950196      0.334404230    
 -0.660402179      0.144772053     -0.267875791    
   6.11428022E-02  0.158444166     -0.393693328    
  0.902919292     -0.344316125      0.148435116    
  0.443336010      0.321788192     -0.222556829    
  0.102375984      0.165327311     -0.316639662    
  0.130046844     -0.414562464      -1.27096176E-02
  0.499287724      0.692539454      -6.77498579E-02
 -0.217481971      0.828045607     -0.196737170    
  0.421095729     -0.249733925      0.461960912    
  0.206171393      0.485423803     -0.800071955    
  0.481293321     -0.247500420      0.659029007    
 -0.525743604     -0.567243814      -5.88915348E-02
 -0.199307323     -0.453742862      0.772525311    
  0.170878053      -6.76089525E-02 -0.601317048    
 -0.221029401      0.681524158      -9.65753794E-02
 -0.687118411      0.658407927     -0.245761871    
  0.123329401      0.661187649      0.201270223    
  0.759343743      0.396648049      0.292237282    
 -0.899928093     -0.317659736      0.205369234    
  -7.01580048E-02 -0.166073561      0.949004889    
  0.831949830     -0.240244150      0.351516247    
  0.149120450      0.429215550      0.575264215    
 -0.275208354     -0.736699104      0.230163813    
 -0.113022804      0.319395542      0.413513780    
 -0.457801580     -0.493671179      0.235948563    
  0.362681985      0.697846055     -0.150244594    
  0.334690332     -0.367727637      0.857586026    
  0.159658074      0.200797558      0.667781949    
 -0.607461691     -0.662435651      0.330196261    
 -0.126055837      0.860262752      0.144493222    
  0.813253522      0.116855860     -0.131214976    
  -1.05378628E-02  0.477164030      0.187545657    
  0.505879402      0.466018438     -0.333982825    
  0.807703495      0.314815760     -0.498184443    
  0.249916077     -0.448401570       2.47597694E-04
 -0.404740453     -0.872737288      -1.39937401E-02
 -0.447328568      0.415147424       7.27975368E-02
 -0.202683806     -0.461572051      0.117610335    
  0.107961059      0.376483798      0.305002213    
 -0.529757380      -2.75425911E-02 -0.810110927    
 -0.763442516      0.216967463      -5.49178123E-02
 -0.371424437     -0.548845053      0.148349285    
  -2.11240053E-02 -0.410810471      -4.34088707E-02
 -0.779919147     -0.461439729      -8.65306854E-02
  0.320661426       4.30980921E-02  0.855911970    
 -0.225681782     -0.102199793     -0.576840401    
  0.273393393       8.95237923E-02 -0.414618850    
 -0.218706965     -0.179287672      0.902880907    
  0.121762514      0.245336056      0.730637789    
 -0.588971972      0.695801139      -4.55437899E-02
  0.492101789      0.173630476     -0.529473782    
 -0.623821259       7.38049746E-02  0.312188745    
 -0.167135596      0.150072336     -0.612865567    
 -0.467321396     -0.217213869      0.544820547    
 -0.448067665      -2.68654823E-02 -0.136441350    
  0.151590586      0.407381535     -0.384203076    
  0.189168096     -0.863719940      0.306517243    
  0.232507110      0.264750481      0.382639408    
  0.643792391     -0.521683335      0.378693104    
  0.729250908     -0.120183587      0.531441450    
  0.288580537     -0.400434256     -0.337649226    
  0.337882757     -0.261878967     -0.740450740    
  0.152354240      0.894095182      0.213077426    
  0.652075887     -0.323742032      0.270038486    
  -6.43615723E-02  0.663450480     -0.739734292    
  0.202743053      0.748476624      0.461944222    
 -0.770112038     -0.301725626     -0.272238016    
  0.479463339      0.353101134      0.282501817    
  0.327359200     -0.446139693      0.258796573    
   1.90883875E-02  0.685707688      0.367427945    
   4.30476665E-02  0.374816775     -0.171056628    
  0.180343866     -0.364204884      0.412356734    
  0.205752611      0.202580571      0.362582564    
  0.545761466      -2.22177505E-02 -0.797457457    
 -0.511207819       6.13379478E-02  0.768996119    
  -4.37150002E-02  0.719331503      0.453513145    
 -0.677165151      0.587756395     -0.358524561    
  0.187247276       5.89023829E-02 -0.331739902    
 -0.614101291      0.531010389      0.263916135    
  0.366303802     -0.233014464      0.418909550    
  0.404101968      0.304029226      0.312562823    
   4.80943918E-02 -0.527488470     -0.130475760    
   1.56235695E-03 -0.111073375     -0.394644380    
 -0.674706578     -0.307785749      0.295286536    
  0.176623106      0.471990943     -0.144522309    
  -2.87840366E-02  -4.73480225E-02  0.117281914    
  0.171429515      0.493440628     -0.709287405    
  0.424497128     -0.357737899     -0.674603462    
  0.450384617     -0.817353845     -0.199645877    
  0.351388335      0.315983772      0.633626103    
 -0.148603320      0.423702359      0.752595305    
  0.370154381      -7.92018175E-02  0.309324384    
 -0.379229188      0.582601190      -2.70425081E-02
  0.242943406      0.415805697     -0.510727525    
 -0.387529254     -0.824664235     -0.123746514    
 -0.323794961      0.317052007     -0.799132466    
 -0.418196082     -0.840891838      0.295318604    
 -0.652156234      0.299606800     -0.318958044    
 -0.135910034      0.393462181      0.837267756    
  0.578225255      -5.23774624E-02  0.345844984    
  0.606082439      -4.20776606E-02   7.79652596E-03
 -0.107744098     -0.603432417      0.516710997    
   3.79664898E-02  0.749303579       2.55920887E-02
 -0.456994176     -0.373803258      0.285402298    
  0.155930042     -0.332684875      -4.13309336E-02
 -0.332094431      0.306949139     -0.681516171    
 -0.324679375      0.750973463     -0.137137413    
  0.337816119      0.485438585      0.681793213    
 -0.215373039      0.971269131       5.07596731E-02
  -8.20668936E-02 -0.274437308      0.330118418    
   9.77109671E-02  0.744703889      0.151965976    
 -0.200294137     -0.954187393     -0.182443857    
 -0.699552536     -0.372109771      -9.71651077E-03
 -0.138899446     -0.155724168      0.325855136    
  0.206587791      0.497285843      -7.93625116E-02
  0.169599891       4.74109650E-02 -0.610193372    
  0.341314077      -3.20515633E-02  0.386749148    
  0.227857590     -0.267794371      0.835650921    
 -0.138489842      -2.83825397E-03  0.634323001    
  0.655811548     -0.392947793      0.575429440    
   5.38463593E-02  0.520126581       5.02184629E-02
  0.652647018      0.378814578     -0.295714259    
  0.476249337      0.464116812      0.400622725    
  0.927706838      0.145462275     -0.213846207    
 -0.120321751      0.681291223     -0.174771070    
 -0.892964482      0.333899379      0.149257541    
  0.413592100      0.751827240     -0.343034387    
 -0.466307998     -0.714055300      0.388467550    
  0.299477816     -0.231638789     -0.734162450    
  0.309101343     -0.113950491     -0.649367690    
 -0.259073853     -0.606510878     -0.579805970    
  0.148894668     -0.781358838       2.65145302E-02
 -0.460868597       1.84764862E-02 -0.556701899    
  -6.82111979E-02  -6.45141602E-02  0.879194379    
 -0.411054373      0.385959148      0.118737936    
  0.120043993      0.377160072     -0.711724877    
 -0.506264329     -0.556188822      0.565777302    
  0.690791726     -0.557620883      0.122057676    
  0.519028068     -0.403621078      0.218355894    
  0.559653759     -0.663577199     -0.239632845    
 -0.345703244      0.540048003      0.178821325    
  0.241423368      -5.49961329E-02 -0.276685238    
  0.348824382       9.79263783E-02 -0.693413854    
 -0.794304132     -0.306271553       5.57504892E-02
 -0.230149865      0.577914596      -5.22576571E-02
  0.411714196      0.789648056     -0.301194191    
  -1.66312456E-02 -0.601335883     -0.269991398    
 -0.519262791       9.48309898E-02  0.231486797    
 -0.576985478      0.639060020      -7.79694319E-02
 -0.260383487      0.131242156      0.169852972    
 -0.256644011     -0.371490240     -0.165912151    
 -0.360517025      0.457073092      0.156993628    
  0.366383791      0.211434722     -0.871726155    
  0.765559793     -0.161421895      0.208033562    
  0.293854237      0.471892357      0.107897639    
  0.237545371      0.341953278     -0.236210227    
  0.782814384     -0.235507250      0.179620504    
  0.189801097     -0.341872454     -0.605660081    
  0.488628745      -6.92889690E-02  0.641526341    
 -0.169503570     -0.662042975     -0.655783176    
 -0.213680863       8.06690454E-02  0.277511001    
 -0.639042020      0.156605005      0.479167461    
  -2.13774443E-02  0.312596083     -0.624121189    
  0.113639474      0.467705965     -0.657745957    
  0.244295716     -0.252058625      0.228587151    
 -0.174323320      0.240517974      0.143258929    
  0.401975274      0.711269259     -0.139991403    
  0.125097752       4.73142862E-02 -0.592940569    
  0.580577374     -0.160716295       5.89828491E-02
  0.203255892     -0.917106986      -3.82094383E-02
  0.793428183       6.89076185E-02 -0.492775917    
 -0.398880124     -0.760416150     -0.245484114    
 -0.168457031     -0.559278607     -0.783162355    
   9.26386118E-02  0.621471763      0.335237980    
 -0.262598753     -0.955662131      -4.27758694E-03
 -0.371109605     -0.317542195     -0.346674800    
  -8.36676359E-02  0.397043586     -0.868110538    
 -0.286912918      0.684091091     -0.461550593    
  0.465514064     -0.649444818     -0.286162019    
 -0.575475693     -0.588748574      0.328218460    
   7.73833990E-02  0.684142709     -0.282554865    
 -0.574181676      0.234959245     -0.558145046    
  0.137697339     -0.390124202     -0.244022489    
  0.380255699      0.672070026     -0.161901712    
  0.383466363     -0.317120314     -0.557727218    
  0.395271659     -0.349078894     -0.771152616    
 -0.829058051     -0.373737216      0.388005733    
 -0.534506202     -0.295220852      0.288623214    
   7.65416622E-02  0.875793219      0.454852462    
  -2.35815048E-02 -0.100508690      0.760702133    
 -0.197326064      0.637741327      0.509825706    
 -0.422636271      0.321551204      0.598417282    
   6.51947260E-02  0.615076780     -0.587215900    
  -2.09898949E-02 -0.355028152      -8.04160833E-02
 -0.204303980     -0.817503691     -0.350594640    
  0.781401277     -0.268092155      0.112207174    
  0.176698089     -0.408242345      0.688300610    
  0.434214830      0.264837265      0.377800465    
 -0.384989858     -0.129163742       7.94963837E-02
 -0.346736789      0.425460458      0.564465761    
 -0.642426610       1.18798018E-02 -0.672928691    
  0.584723353      0.705523849      0.324973702    
  0.279165387       9.06062126E-03 -0.895859003    
   8.95240307E-02 -0.315844893     -0.642422080    
 -0.407591939     -0.760581732     -0.483454108    
 -0.289224505     -0.296989679      0.405269384    
  0.185871482      0.715180039      0.623059392    
 -0.323928118      0.665634751      0.651142716    
  0.479829907     -0.654933333      0.365732551    
  0.246873498      0.125614047     -0.829978704    
  0.378987908     -0.778660655     -0.353440762    
   5.29253483E-03 -0.187618852     -0.502025843    
  0.131105661      0.643089056      0.369424343    
 -0.441575527      0.231336594      0.356984854    
  0.433345556      0.826747060      0.330407739    
  0.737528443      0.123389125     -0.202848196    
 -0.172034264      0.232792497      -4.83378172E-02
  0.506636739     -0.227862239      0.438813329    
  0.125063777     -0.466629028     -0.609576583    
 -0.129603505      0.147026181     -0.877298713    
  0.325585127      0.191681623     -0.745447874    
 -0.659854889      0.527711749     -0.206970930    
  0.755621314      -4.44235802E-02 -0.635879278    
  0.578292131      0.426235199     -0.566640854    
  0.418772101      0.349511743     -0.648839474    
 -0.949229479     -0.232052803      -5.54430485E-03
 -0.556016326      0.317493558      0.391975045    
  0.165769100      0.585722923     -0.664826035    
 -0.146678567      0.558119059      0.254956245    
 -0.306238413     -0.199538350      0.785548091    
  0.824529886     -0.387043595      0.233162403    
 -0.211404443     -0.522158861     -0.128538013    
  0.273307800     -0.502460480     -0.368377090    
 -0.128108144      0.704277396      0.475234270    
  0.439783692     -0.242528915       2.64691114E-02
  0.176082730      0.678937554     -0.265245676    
 -0.741614461      0.310403109      0.583788157    
 -0.248113036     -0.573697209      0.199492812    
  0.725379109     -0.607590079      0.258266091    
  0.791974306      0.193525314      0.367701411    
 -0.389299154     -0.553103089      0.306291938    
  0.180712581      0.849637985       7.90575743E-02
 -0.413327813      0.690652847       9.63160992E-02
 -0.282470703       3.53806019E-02  0.512484312    
 -0.759662390      0.238075972       7.65097141E-03
  0.344201326      0.140475273      0.856819034    
 -0.260967374     -0.879212856      -6.94791079E-02
 -0.855644226      -7.36521482E-02  -6.14217520E-02
  -8.32062960E-02 -0.627528429     -0.412182808    
  0.147901893     -0.479472041      0.453072429    
  0.500721693      0.584309816     -0.435957313    
 -0.248422980      0.540198088      0.446663260    
 -0.738829255      0.449024796      0.199963093    
 -0.222706437      0.121629834     -0.140323997    
 -0.299036026      -3.70367765E-02  0.135648966    
  0.488505960       7.33273029E-02  0.617136598    
 -0.395364881      0.209874153     -0.427413344    
  -5.08270264E-02 -0.286126733       1.63071156E-02
  0.398935080     -0.363134027     -0.187485456    
   8.91630650E-02   9.30335522E-02 -0.468877554    
  -9.10583735E-02 -0.893350005     -0.355283499    
 -0.137170911      0.238951802      0.934748769    
 -0.203351378     -0.690047979      0.296612382    
 -0.111358762      0.477023363      -5.14502525E-02
 -0.456039786      0.107050419      0.363930702    
  0.229826093     -0.763184071      0.467031121    
 -0.367788672      -4.97982502E-02  0.214845657    
 -0.633108139      0.120439291      0.207358479    
  -7.24196434E-04  0.152423501     -0.137339592    
 -0.528581858       5.33391237E-02  -1.12863779E-02
 -0.328247786      0.253485084      0.736874700    
 -0.317898154     -0.755365729      0.338420153    
  0.194177628      -3.71773243E-02  0.903615236    
   1.75021887E-02  0.764375806      0.174692750    
 -0.321704626     -0.375632048     -0.444579482    
 -0.519107461      0.822906971      -5.85340261E-02
  0.793079615      0.216468573      0.301840782    
 -0.249281287      0.507452607     -0.654766560    
 -0.197620630       7.93182850E-03 -0.831106901    
  0.337064028      0.685155272      0.266923189    
  0.350806952     -0.281028748     -0.138344169    
 -0.565874100       8.02397728E-03 -0.243800282    
 -0.117002130     -0.306668401     -0.380334020    
  0.147364736       9.48438644E-02 -0.335867405    
  0.164963245      0.349613428      0.627869606    
 -0.603071809      0.111545920     -0.779637456    
 -0.232060671     -0.140765667      0.923532844    
 -0.579444051      0.227025986     -0.333657026    
 -0.364583492     -0.432696104     -0.109421015    
 -0.362710595       6.49782419E-02  0.713672519    
  0.536719918      0.116910577      0.114202619    
  0.327542424     -0.757799983      0.268050671    
  0.557446003      0.110513330     -0.684956670    
 -0.261456966     -0.156408668      0.917471051    
 -0.200837851      0.676157832      0.324288249    
 -0.690257549      0.205770016      0.387606502    
  0.369536757       3.21875811E-02 -0.502021194    
  -2.86833048E-02  0.319316745     -0.920008779    
  0.925611734      -8.49210024E-02 -0.294622064    
  0.454345345     -0.651639104     -0.295072079    
  0.581301928      0.187924862       8.78587961E-02
 -0.194695473     -0.519919395     -0.660990953    
 -0.105598688      0.552812219     -0.446864009    
 -0.440590978     -0.655302882       8.14936161E-02
 -0.259221554     -0.344890952     -0.723046303    
  0.498956680      0.668566585      0.441482663    
 -0.948388696     -0.204770207     -0.183532000    
 -0.275839925     -0.584398746      0.362112403    
 -0.670326471      0.170525908      0.311765194    
 -0.298965812      0.191948891      0.200039744    
  0.417719960     -0.368124485     -0.760673523    
  0.276752234     -0.121122360     -0.100735068    
 -0.532636404      0.656647325      0.193689108    
   5.15305996E-02  0.884634733       2.20135450E-02
 -0.319651365     -0.228533506       3.24010849E-04
  0.871191859      0.232129335     -0.319915175    
   6.64328337E-02 -0.382748008      0.432362080    
  0.917312741       1.44177675E-02   6.90855980E-02
 -0.287193298     -0.898529887       9.14380550E-02
  0.184870124      -8.97431374E-02 -0.757586002    
 -0.172601461      0.933743000       3.17810774E-02
  0.193736553      0.284624577     -0.147190809    
 -0.553376675       3.59312296E-02  0.766685486    
   9.26784277E-02 -0.532101035     -0.493680239    
  0.235566616     -0.141160846      0.750829697    
  0.200908065      0.572994471       6.87484741E-02
  0.360913992      0.706906557      0.317638040    
  0.685893297     -0.365292668     -0.406048417    
  0.670624137     -0.447461843     -0.198947430    
 -0.597386718      0.431817532      0.365391493    
  0.382676363      -4.04782295E-02  0.762616158    
  0.435830593      0.736803055      -1.74162388E-02
 -0.453092575      0.337488651     -0.689118624    
 -0.416027904     -0.471453309      0.685829401    
 -0.939828038      0.234899879       9.75728035E-04
   9.92132425E-02   3.71516943E-02 -0.693271637    
 -0.534383893      0.344310403       9.45899487E-02
  0.337380052     -0.607347369     -0.423729300    
 -0.179513097     -0.615445256      0.477397203    
  0.223652601      0.819034457     -0.279948115    
  0.211233139      0.770467639       8.43340158E-02
  0.288045168      0.178991199      0.156694889    
 -0.368799090      0.740794778     -0.476457000    
  0.108624101     -0.690006852     -0.471394181    
  0.662828207      0.156490445      0.263946414    
  0.323590875     -0.768023610     -0.424698830    
  0.412211537      0.450597286      0.355188966    
  0.446002007      0.314387679      0.496450186    
 -0.854220629     -0.230194211     -0.117810607    
  0.618826628      -3.81125212E-02 -0.718838453    
 -0.103439808      0.404744744       8.37886333E-03
 -0.447324395      0.522669792     -0.154383183    
  0.178800464     -0.885106206     -0.397046685    
  0.554407835      0.232020140     -0.664087057    
 -0.344651103      0.696313024      0.122817039    
  0.177940488      0.973036170      0.137391686    
 -0.565276861      0.323548079     -0.735140920    
  0.186550260     -0.116595387      0.661601305    
  0.392780066      0.404729962     -0.491982698    
   2.33209133E-02  -8.38998556E-02  0.980176210    
  0.246610761       1.86431408E-02  0.761010170    
  -7.37906694E-02  0.987904191       1.34668350E-02
 -0.349791169      -9.71407890E-02  0.904003024    
 -0.246252060      0.460226178      0.268230081    
 -0.598702669      0.599128246     -0.299695492    
  0.442423463     -0.255123138     -0.459050894    
  0.190989614      0.759234905     -0.493356586    
 -0.518713713     -0.152210593     -0.799541235    
  0.201496601      0.751520991     -0.300266862    
  -5.17499447E-03 -0.211564541      -6.89805746E-02
  0.412450910      0.191092253      0.141023517    
 -0.483828187       4.27939892E-02 -0.354503036    
  0.518611789      0.461343646      0.574428439    
 -0.566109419     -0.752762079     -0.124717236    
 -0.504805207      0.148742557      0.690387964    
 -0.418814898     -0.395492911      0.381409764    
 -0.476625919     -0.248375654      0.422522426    
 -0.843403935      0.336787820     -0.292198539    
 -0.674000859     -0.505995154      0.450047493    
  0.207780719     -0.475410938      -2.56661177E-02
   8.56723785E-02 -0.405334353      0.215828300    
 -0.710382104      0.161429644     -0.558544874    
 -0.286914468     -0.610576391      0.548231363    
 -0.515539169      0.268912077      0.290998816    
 -0.643552899     -0.647658348      -1.94152594E-02
 -0.543289423     -0.505935550      0.157928467    
  0.796232462      0.217673302     -0.187667608    
  0.228301525      0.536660075     -0.593993306    
  -7.98916817E-02  0.610582471      0.463134885    
  0.421968341      0.687786579      0.119955778    
 -0.573480964     -0.647705078       7.13229179E-04
   8.96497965E-02  0.140347600       3.92322540E-02
   3.31178904E-02 -0.153868318     -0.683980823    
 -0.576326132      0.130980372      0.720669031    
  0.271130204      0.900957584      -1.42356157E-02
  0.724760652     -0.334204793      0.256536126    
   5.06299734E-02  0.101772189      0.696449280    
 -0.312363148      -9.06499624E-02 -0.459431648    
  0.603878736     -0.129864931      0.740888000    
 -0.219934344     -0.197473884      0.652581692    
  0.805212379      0.297068954      0.119786382    
  0.216998458       7.88998604E-03 -0.301829100    
  -2.42401361E-02  0.113665342      -8.06903839E-02
  0.371580482     -0.904088736      -4.94188070E-02
  -4.03116941E-02 -0.528538227     -0.319101214    
  0.413573146     -0.413691521      0.330888271    
 -0.380382180     -0.241782069      0.303897858    
  -4.72952127E-02 -0.249095082      0.958562613    
 -0.576462150     -0.306121945      0.711231470    
 -0.305226922     -0.779587746     -0.232326746    
 -0.132849932      0.670096636      0.694568276    
  0.301908374     -0.319346547     -0.443256855    
   6.52623177E-02 -0.121896267      0.817466378    
  0.717261076       5.78916073E-02  0.219742775    
 -0.175053239     -0.453917742      0.687505603    
  0.355264425      0.354552269      0.291543245    
  0.294786572     -0.528887987     -0.747577548    
  0.378468990     -0.818239331      0.145004630    
  0.784817219      0.329044223      0.457471490    
  0.292475939      0.650874972     -0.519440293    
   5.58550358E-02 -0.597913504     -0.532833457    
 -0.520179987      -1.26109123E-02  0.475583553    
 -0.109166622      0.364586711     -0.603958845    
  -2.24133730E-02  -3.81286144E-02 -0.670229554    
   7.64591694E-02 -0.519181252      0.149969935    
   1.45502090E-02  0.962602615       5.40649891E-02
  0.887036800      0.179873943     -0.330587506    
  0.326937675      0.556306839       4.26539183E-02
 -0.683548808       3.61261368E-02 -0.493750453    
  -8.23873281E-02 -0.802987099     -0.122662425    
  -4.18944359E-02  0.729056597      0.179277062    
 -0.290562749     -0.485859513      0.774482727    
  0.595455408     -0.543304682       9.62698460E-02
  0.363163948      0.765528321     -0.255772352    
 -0.305264354      0.191711664       5.78253269E-02
 -0.818096042       4.11832333E-02 -0.322264314    
 -0.780193686      0.144834876     -0.375489950    
  0.446246147      0.235154271      0.162861943    
  -6.82822466E-02  -5.40018082E-04  0.150104403    
  0.411090970      0.302173853      0.382186294    
 -0.278456807       4.22837734E-02 -0.790775895    
  0.536774278     -0.570402026      0.340411067    
  0.394803286     -0.507716060     -0.510209084    
   1.07384920E-02 -0.329186201     -0.195184708    
   3.34702730E-02 -0.843402386     -0.252944946    
  0.909343719       6.42755032E-02  0.224206924    
  0.605644464     -0.340949178      0.181494236    
  -9.79619026E-02 -0.768080473      0.458104968    
 -0.543584824     -0.288020015     -0.733258367    
   7.43912458E-02 -0.448489785      0.859739542    
  0.362169266      0.305327654      0.191169143    
  -6.59806728E-02   9.50415134E-02  0.336832404    
   4.70820665E-02  0.467523456      0.780638695    
  -2.61701345E-02  -2.77742147E-02   4.01436090E-02
 -0.137189388     -0.223980188      0.869969845    
   5.83744049E-02  0.531162500      0.415548205    
   5.51038980E-02 -0.716981649     -0.619132876    
 -0.260145664      0.489096880      0.680009842    
  0.240416169     -0.279000282     -0.519376874    
   7.78332949E-02 -0.478508592      0.184107900    
 -0.406699181      0.163210034      0.865632772    
   7.71601200E-02  -7.30711222E-02 -0.213699698    
  0.317447066      0.419506550       5.01167774E-03
   2.61671543E-02  0.338531494     -0.424147010    
 -0.154466152      0.772521973     -0.365147591    
 -0.177873135      0.255925059     -0.534977078    
  0.127777934      0.519371152      0.648016214    
  0.662808657      0.130037665     -0.407064199    
  0.516442418     -0.427838326      0.172535062    
 -0.133143187      0.909038305      0.108455181    
 -0.570558190      0.679214358       7.42987394E-02
  0.503711581      0.579456210      -2.02616453E-02
   8.35504532E-02 -0.251513600      -8.12608004E-02
 -0.331519961      0.927892685       8.75447989E-02
 -0.683801413      0.575497985     -0.298493266    
 -0.267364264     -0.255941749      0.780657411    
  0.343125582     -0.681106687       8.26263428E-02
 -0.636371970      0.737049580       2.64595747E-02
  0.377218962     -0.198990226      0.216847420    
  0.575535178      0.420427680      0.284674406    
  0.122732043      0.831793308      -1.32577419E-02
 -0.115481377      0.697835445      0.442534089    
 -0.277127981     -0.585129857      0.403337002    
  0.299203515     -0.107027650      -2.43328810E-02
 -0.302643299      0.491082191       8.88086557E-02
  -3.74543667E-03 -0.406290531      0.627827406    
  0.195975184      0.578191876     -0.720672250    
  0.284671307     -0.159179688     -0.227697849    
 -0.893829465     -0.232617259      0.102031231    
  0.506647706     -0.387001634     -0.213527441    
   1.29486322E-02 -0.455838084     -0.648104310    
  0.923714042       8.80275965E-02 -0.172499895    
 -0.781422377     -0.225378633      0.302255392    
  0.796628475      -1.37550831E-02 -0.519514203    
 -0.486708522      0.258296371     -0.379457355    
  0.781567097      0.515217900     -0.146241069    
  0.384807825     -0.721840501      -4.23014164E-02
  -7.61417150E-02  0.221655250     -0.915268183    
  -4.04417515E-02 -0.361712575     -0.153720498    
  0.824623823     -0.193474174     -0.247709990    
  0.524111629     -0.267284274      0.559806705    
   3.92670631E-02 -0.465075016     -0.411229253    
  0.594824553     -0.611863852      0.310903788    
 -0.200123906     -0.475099325      -3.36468220E-02
   8.78432989E-02  0.282913327      -8.31651688E-03
  0.296882629      0.508854508      0.412211776    
  0.863007188      0.103341341       3.36656570E-02
 -0.164473176     -0.435417891      0.688203335    
 -0.273109555     -0.372159481     -0.398680091    
 -0.398190737      0.149968266      0.662525177    
  0.470739484       6.94416761E-02 -0.250868201    
 -0.261902928     -0.736874700      0.556567550    
  -3.51840258E-02  -1.90119743E-02  0.425133944    
 -0.584197998     -0.369044185      0.607842445    
 -0.133448005     -0.435363889      0.773832440    
  0.926524758       2.07757950E-03 -0.142406583    
 -0.639207482      0.346516371     -0.270740032    
 -0.129695415       5.17231226E-02 -0.947625518    
  0.320050955     -0.135363221     -0.563094854    
 -0.243874788     -0.751224518     -0.249277830    
 -0.258255601       6.56982660E-02  0.509434700    
 -0.137292862      0.169920087       6.02531433E-03
 -0.330946684      0.652978778     -0.200406432    
  0.595570445     -0.357195854      -7.26979971E-02
  0.532467842      0.258376122       2.79412270E-02
  0.420588017     -0.452969790     -0.192119956    
  0.863472581      0.150888205      0.177399755    
 -0.393950701      0.701544285     -0.391311884    
  0.204299331      -9.89454985E-02 -0.225080967    
 -0.486768842     -0.495701075      0.418369532    
 -0.723570108      0.315094948      0.269694448    
 -0.565739989      0.651193380     -0.398692131    
 -0.400531888      0.694431901      0.347795606    
   8.49293470E-02 -0.175997138      0.668675900    
 -0.399217844      -5.79910278E-02 -0.902747035    
  0.494378924     -0.641390085      0.404702187    
   8.93516541E-02  0.558379412       9.91177559E-02
 -0.480367541      -2.42356062E-02 -0.787289143    
 -0.120397687     -0.326437712     -0.430613995    
 -0.272429228     -0.436797500      0.650794625    
 -0.786261439      0.267046928     -0.108597517    
  0.648700118     -0.255035520     -0.343076229    
  -2.50794888E-02 -0.321334600      0.895739436    
 -0.736415029      0.563247681       2.76880264E-02
  0.263752460     -0.216520309      0.124942183    
 -0.161286235       1.40095949E-02 -0.802388668    
  0.270179629     -0.525923610     -0.340154409    
 -0.130152106       5.25001287E-02   5.27099371E-02
  0.632210374      0.113653421      0.570533872    
   7.39883184E-02  0.350155473      0.890502214    
 -0.349519610      0.629800081      0.617497087    
  0.728620172      -6.33033514E-02   1.09521151E-02
 -0.253546715      0.276805758     -0.231071115    
  0.327054620     -0.489213109      0.407567143    
  0.556665540      0.476265430     -0.446816921    
 -0.339704514       6.76269531E-02   9.96587276E-02
 -0.605119824      0.481506705      0.364327669    
 -0.163693786      0.324614048      0.840554237    
 -0.405383945     -0.119389772     -0.679243922    
  -1.78875923E-02  0.567766905     -0.613638282    
  -1.12730265E-02 -0.740847945      0.498342276    
  0.318596244       8.03470612E-04  0.411242127    
 -0.549027920      0.714023352      0.372626185    
  0.205867529      0.326253533       6.64335489E-02
 -0.390500665     -0.396014571      0.248942971    
 -0.359086871      0.887547731     -0.107424855    
  0.338603258      0.137447834       2.60717869E-02
  0.722563386     -0.679574966       5.94851971E-02
  0.371217608     -0.678795934     -0.504885316    
 -0.978949070     -0.133419275     -0.139411330    
  0.272181869     -0.615033984      0.358403921    
  0.199946165      -2.53012180E-02 -0.110747576    
 -0.871383905      -1.01951361E-02  0.464831352    
  -9.04664993E-02  0.508597016     -0.248810649    
  0.427152991      0.577626348      0.276892066    
  0.159721613      0.753132582     -0.578470945    
 -0.859347820     -0.465490222       6.44235611E-02
 -0.125313520     -0.497164369      0.569085956    
  0.564729571      0.219737172     -0.462445736    
  0.128351927     -0.554413676     -0.791854262    
  0.445703983     -0.501816988     -0.107378483    
  0.376487017     -0.565283895      0.629372954    
 -0.273890138     -0.437217593      0.512006760    
 -0.197488189     -0.884640336     -0.324053049    
  0.267566919     -0.823388696     -0.402990460    
  -4.84693050E-02 -0.960047841      0.271269679    
  0.695699096      -5.17845154E-04  0.372354746    
  0.382583857     -0.744793534     -0.460913897    
 -0.144072175      0.275655866     -0.444275856    
 -0.342605710      0.648973346      0.607221365    
  -6.90195560E-02  0.660120368      0.182302356    
  0.146960974      0.209382415     -0.119907856    
 -0.186040998     -0.517257094      0.567751646    
 -0.417094588      0.508018732      0.358435750    
 -0.366956472     -0.148038745     -0.336352825    
  0.440214634     -0.626781702      0.185077548    
  0.474593639      0.514889956      0.592333317    
  0.421433210      0.821960211      0.156148434    
   4.50246334E-02 -0.462401271     -0.627990603    
  0.459234595     -0.574328780      0.385553002    
  0.404584765     -0.275422454      0.289205313    
 -0.292272329     -0.278169751      -4.67789173E-03
  0.407978415      0.498723030     -0.587283492    
 -0.736458182     -0.504845500     -0.240722179    
 -0.192571998     -0.683118939      0.210816026    
  -7.66789913E-02  0.437797546      0.601756215    
 -0.422726274      0.156967640      0.202279806    
  0.263748169      0.759734273       5.54823875E-02
  0.312468410     -0.948368430      -5.36072254E-03
 -0.308136106     -0.344595790     -0.879588246    
  -7.82432556E-02  0.686095715     -0.228757501    
  0.320564628     -0.109679818     -0.917393804    
  0.390657306      0.561809182      0.578549266    
  0.669740796      0.199882269      0.100515008    
 -0.642632604     -0.517015696      0.126182556    
  0.564064622      0.104665279      0.803102374    
  0.331968307     -0.430879235     -0.301647186    
 -0.807435155      0.395379305     -0.407937169    
 -0.192251921      0.639124751      0.225836635    
 -0.419991493      0.814469695      0.156254649    
 -0.374704123     -0.178584933     -0.420830846    
  0.254625082     -0.432218909      0.161804199    
  0.529543638     -0.586036801     -0.371988893    
 -0.953000069       3.91168594E-02 -0.146486998    
  0.130701065     -0.601203561      0.424701810    
  0.464418173      0.279573083      0.559049129    
 -0.128735065      0.393663406      0.724682331    
  0.757980347     -0.207023978     -0.309471846    
 -0.508589387     -0.382269979     -0.236084700    
 -0.119520426      0.348381400      0.679902554    
  0.137969851       4.17059660E-02 -0.639905572    
   5.72836399E-02 -0.486144185      0.109820724    
  0.348364353      0.537209868      0.409218073    
 -0.717032671      0.283338070      0.451548576    
  0.188306689     -0.422066092     -0.529447317    
 -0.752674103     -0.241148472     -0.221150041    
 -0.306456089      0.130248904      0.588261127    
  0.432000875      0.238879442     -0.709312201    
  -6.48709536E-02  0.626711488     -0.767986774    
  0.310378909      0.231438160      -6.96589947E-02
 -0.412919998     -0.136470318     -0.829553366    
 -0.110371113     -0.623434186       9.47529078E-02
  -9.90759134E-02  -2.06673145E-03 -0.295164108    
 -0.550803900     -0.152899742       5.25512695E-02
   1.81490183E-02  0.246283174      0.169728994    
 -0.544685364     -0.333298087      0.760201097    
 -0.288349271     -0.313020945     -0.887530923    
  0.463958979     -0.477878809      0.142025352    
  0.342245817       1.11259222E-02  0.548633933    
  -9.31308270E-02  0.812817812      -3.44201326E-02
  0.241887689      0.570369363     -0.156891942    
   7.48991966E-03 -0.102982521      0.148133516    
  0.122108817     -0.226853728      0.758470535    
  0.800149560      0.211472392      0.423314452    
  -6.97640181E-02 -0.945355654     -0.154713273    
 -0.159044623      0.244926929     -0.447105050    
 -0.243366122       3.61989737E-02 -0.386983871    
  -7.48851299E-02  0.477539062      0.539016485    
 -0.236399055       1.34897232E-03  0.666007280    
  0.394505143      0.199463367      0.349131584    
 -0.526162505     -0.167418480     -0.202489972    
  0.901466608     -0.310995460      0.248002410    
  0.724035382       5.33456802E-02  0.275506973    
  0.219605207      0.615017772      0.697364330    
 -0.751495481      0.278121829     -0.103635430    
  -2.99289227E-02 -0.196200490      0.415163517    
 -0.305572271      0.538995504      -4.26112413E-02
  0.394855738       9.03487206E-04  0.531702638    
